
Base de datos Módulo 4 Estadística



Ejercicio Nº1 Descriptiva

muestra=c("a tiempo", "retraso","a tiempo","a tiempo","a tiempo","a tiempo", "retraso",
         "retraso","a tiempo", "retraso","a tiempo","a tiempo","a tiempo","a tiempo",
         "retraso","retraso","a tiempo", "retraso","a tiempo","a tiempo", "retraso",
         "a tiempo","a tiempo","a tiempo","a tiempo","a tiempo","a tiempo","retraso",
         "a tiempo","a tiempo","retraso","a tiempo")





Ejercicio Nº2 Descriptiva

 Horas=c(107,54,66,62,74,92,75,65,81,83,78,90,96,66,68,85,83,74,73,
          73,73,65,62,116,85,78,90,81,62,70,66,78,75,86,72,67,68,91,
          77,63,68,71,79,65,73,88,62,75,79,70,66,71,64,96,77,87,72,
          76,79,63,97,70,86,88,80,77,89,62,83,81,94,101,76,89,60,80,
          67,83,94,94,89,76,84,68,64,68,103,71,94,93,77,77,78,72,81,
          87,84,92,66,63,82,79,88,74,79,78,88,71,71,61,72,63,43,77,
          71,84,93,89,68,59,64,94,62,61,78,89,63,74,85,65,84,66,59,
          82,61,69,75,85,74,62,85,59,61,82,82,79,72,68,70,84,62,67,
          75,67,65,99,77,76,96,73,71,92,98,65,79,58,77,88,74,83,92,
          59,68,61,82,59,51,89,77,72,81,64,57,98,98,86,69,81,70,63,
          65,58,76,71,86,92,45,75,102,76)



Ejercicio Nº3 Correlación


numero_de_comerciales=c(2,5,1,3,4,1,5,3,4,2)

ventas=c(5000,5700,4100,5400,5400,3800,6300,4800,5900,4600)







Ejercicio Nº8 Estimación por intervalos

muestra=c(94.10,105.50,89.56,98.84,112.56,84.59,99.17,92.33,133.16,
          73.48,101.92,105.42,131.00,76.03,119.17,136.66,109.92,90.53,
          98.27,95.54)
          




Ejercicio Nº9 Estimación por intervalos

muestra=c(13461,15548,15223,16374,15780,12918,14297,15651,16344,
          15133,14949,14042,14434, 14554,16258,15302,15360,14902,
          12511,16611, 15228,16370,16424, 13570,15132,16676,
          14694, 14741,14287,15182,14311, 13724, 15615,16092,15013)




Ejercicio Nº10  Prueba de hipótesis

muestra=c(377,566,567,597,778,741,560,596,816,710,781,463,580,915)




Ejercicio Nº11 Prueba de hipótesis

muestra=c(0.995,0.986,1.011,1.010,1.002,0.976,1.000,0.995,1.005,1.006,1.005,
          1.004,1.005,1.001,0.995, 1.006,1.014,0.989,0.999,1.001,0.991,0.995,
          1.002,0.985,1.001,0.997,1.020,1.010,1.004,1.012,1.021,0.999,0.995,
          1.002,1.006)
          



Ejercicio Nº12 Modelo Lineal

pbi_pc=c(5110,5919,7245,9021,8225,10386,12849,13083,13080,
         12335,13789,12790,14613,11633,9912,8938)          

afiliados=c(120,50,70,130,60,60,150,150,90,170,220,160,150,60,50,60)

tiempo=c(2005,2006,2007,2008,2009,2010,2011,2012,2013,2014,
         2015,2016,2017,2018,2019,2020)



Ejercicio Nº13 Regresión múltiple

tiempo=c(9.3, 4.8, 8.9,6.5,4.2,6.2,7.4,6.0,7.6, 6.1)

km=c(100,50,100,100,50,80, 75,65,90,90)





Ejercicio Nº 14 Factores

litros_vendidos=c(6754,8026,6954,6747,7077,7607,7451,7138,7314,6808,7048,6401 ,7248,6889,6864,7081,6803,7513,
                    6512,6575,7588,6614,6788,7056,6662,7358,6145,6865,6531,7750,6109,6739,6615,7829,7135,7479,
                    6763,7376,7333,6664,6356,7277,7112,6818,6576,6970,7031,7457,9876,10067,10086,9684,10108,10227,
                    9853,9971,9979,9337,10775,10917,9957,9504,10193,9648,9635,9937,10031,10668,11470,10098,9289,8724)
    
  
 
punto_venta=c("GC" ,"GC","GC","GC","GC","GC","GC","GC","GC","GC","GC","GC","GC","GC","GC","GC","GC","GC","GC","GC","GC",
              "GC","GC","GC","SR","SR","SR","SR","SR","SR","SR","SR","SR","SR","SR","SR","SR","SR","SR","SR","SR","SR",
             "SR","SR","SR","SR","SR","SR","SM","SM","SM","SM","SM","SM","SM","SM","SM","SM","SM","SM","SM","SM","SM",
              "SM","SM","SM","SM","SM","SM","SM","SM","SM")





Ejercicio Nº15 Regresión polinómica

antiguedad=c(122,170,151,140,112,62,79,100,177,5,158,173,152,127,49,2,58,52,103,35,155,133,59,195,50,68,137,
            196, 167, 149, 108, 142,  23,  25, 116,  11,  94, 165, 107, 179)



ventas=c(95,82,98,101,90,54,64,94,95,1,87,81,115,98,62,28,53,37,87,30 ,88 ,74,82,100,72 ,67 ,94,
          93,83,95,98,74,54,27,74,27,81,86,85,94)
  






Ejercicio Nº23 Predicción


datos=c(30,60,70,120,160,170,100, 230,200,160,180, 120, 80, 130,120,80,170, 110, 110,160,100, 80,
        90,50,110,100,80,100,70,120,100, 110,70, 80,100, 70, 130, 140,100, 110, 100,  140,140,140,
        120, 140,130,130,120, 110,120,130,120,110,120,110, 140, 160, 90, 60, 90, 90,100,130, 100,
        90, 90,90,80, 70, 60, 60, 90,120, 110,140,150, 150, 120,120,  130, 120,130, 150, 120,120,
        110,140,150,150, 120,120, 130,120, 130, 150,110,80,80,110,130,120, 140, 150,170,170,120,
        90, 80, 120,170,170,190,200,170, 140,110,140, 160,190,170,130,210,180,160, 210, 190, 190,
        150,200,200,210, 220, 280,170,200,240, 200, 200, 180, 210, 180, 180, 180, 160, 170, 170,
        150,150,170,180,170,220,260,200,190,150,130,120,110,70,80, 100,90,140,110, 110,110,60,70,
        90, 100,100,70,90,80,120, 60,70,70,50,50,80,60, 70,40,60,40, 50,50,60, 50, 60,  80)

